0.0
0.0
0.7269231677055359
0.7480366230010986
0.7678139805793762
0.7864173650741577
0.8076716661453247
0.8275554180145264
0.8481153845787048
0.8675673007965088
0.8861185312271118
0.9053317904472351
0.9232344031333923
0.9427939653396606
0.9614756107330322
0.9797612428665161
0.9986565709114075
1.0182336568832397
1.0348021984100342
1.053493618965149
1.0740798711776733
1.0928051471710205
1.111806035041809
1.1308752298355103
1.1496000289916992
1.1666842699050903
1.1879072189331055
1.2071819305419922
1.2243402004241943
1.245119571685791
1.263054370880127
1.2817243337631226
1.300392746925354
1.3194507360458374
1.338615894317627
1.3567200899124146
1.377434492111206
1.3967217206954956
1.4139896631240845
1.433131217956543
1.4530643224716187
1.4731149673461914
1.4902191162109375
1.5092933177947998
1.5284384489059448
1.5478534698486328
1.5691336393356323
1.5885359048843384
1.6079063415527344
1.6273623704910278
1.6450629234313965
1.6664561033248901
1.684139370918274
1.7059555053710938
1.7246960401535034
1.744612455368042
1.7639614343643188
1.7847623825073242
1.8028502464294434
1.8244807720184326
1.8440419435501099
1.8624136447906494
1.882535696029663
1.9030088186264038
1.9222869873046875
1.940287470817566
1.9599099159240723
1.9798448085784912
1.997233510017395
2.018519878387451
2.0363142490386963
2.0563066005706787
2.075714588165283
2.09513258934021
2.1145639419555664
2.1348166465759277
2.154416799545288
2.1735806465148926
2.192687749862671
2.211164712905884
2.228555917739868
2.2465901374816895
2.264559745788574
2.28286075592041
2.3010141849517822
2.319488286972046
2.337731122970581
2.3578224182128906
2.3753254413604736
2.393512725830078
2.4125723838806152
2.4311094284057617
2.4493844509124756
2.466374158859253
2.4851183891296387
