0.0
0.0
0.8837295174598694
4.6683526039123535
10.059661865234375
16.217514038085938
24.073169708251953
31.93865966796875
40.328495025634766
48.47099685668945
56.45314407348633
64.78056335449219
72.4921875
80.9071273803711
88.96080780029297
96.95074462890625
105.17139434814453
113.84159088134766
121.16791534423828
129.48023986816406
138.55453491210938
146.81336975097656
155.2421417236328
163.70054626464844
172.0276336669922
179.6336669921875
-171.007568359375
-162.52261352539062
-154.99693298339844
-145.97384643554688
-138.2577667236328
-130.1471710205078
-122.02225494384766
-113.7027359008789
-105.3709487915039
-97.55262756347656
-88.64010620117188
-80.33940887451172
-72.89673614501953
-64.68201446533203
-56.24652099609375
-48.01423263549805
-40.92378234863281
-32.91700744628906
-24.894533157348633
-16.733562469482422
-7.856673240661621
0.0816333144903183
7.978947162628174
15.921980857849121
23.139070510864258
31.75956916809082
38.839515686035156
47.57349395751953
54.96712112426758
62.8248405456543
70.38074493408203
78.45906829833984
85.47402954101562
93.73493957519531
101.16358184814453
108.1007308959961
115.53581237792969
123.03413391113281
130.22677612304688
137.02183532714844
144.32553100585938
151.7584686279297
158.26441955566406
166.30552673339844
173.06639099121094
-179.368896484375
-171.98953247070312
-164.55113220214844
-157.10716247558594
-149.416748046875
-141.94070434570312
-134.5931854248047
-127.240478515625
-120.10025024414062
-113.49246215820312
-106.68968200683594
-99.81253051757812
-92.68819427490234
-85.57638549804688
-78.267578125
-71.04682159423828
-63.04218673706055
-56.15164566040039
-49.0345573425293
-41.636348724365234
-34.44426727294922
-27.391572952270508
-20.970430374145508
-13.953653335571289
